1731686907197 0.04878048780487805 1
1731686927202 0.04878048780487805 1
1731686956283 0.0975609756097561 2
1731686976971 0.0975609756097561 2
1731687005868 0.14634146341463414 3
1731687026513 0.14634146341463414 3
1731687055086 0.1951219512195122 4
1731687075728 0.1951219512195122 4
1731687104762 0.24390243902439024 5
1731687125533 0.24390243902439024 5
1731687154521 0.2926829268292683 6
1731687175251 0.2926829268292683 6
1731687204850 0.34146341463414637 7
1731687225567 0.34146341463414637 7
1731687253552 0.3902439024390244 8
1731687274286 0.3902439024390244 8
1731687302743 0.43902439024390244 9
1731687323447 0.43902439024390244 9
1731687352598 0.4878048780487805 10
1731687373246 0.4878048780487805 10
1731687400825 0.5365853658536586 11
1731687421504 0.5365853658536586 11
1731687449575 0.5853658536585366 12
1731687470258 0.5853658536585366 12
1731687498802 0.6341463414634146 13
1731687519561 0.6341463414634146 13
1731687546986 0.6829268292682927 14
1731687567678 0.6829268292682927 14
1731687596723 0.7317073170731707 15
1731687617356 0.7317073170731707 15
1731687646434 0.7804878048780488 16
1731687667162 0.7804878048780488 16
1731687695893 0.8292682926829268 17
1731687716595 0.8292682926829268 17
1731687744520 0.8780487804878049 18
1731687765221 0.8780487804878049 18
1731687792624 0.926829268292683 19
1731687813334 0.926829268292683 19
1731687842440 0.975609756097561 20
1731687863219 0.975609756097561 20
1731687889908 0.975609756097561 20
