1731686907197 3.0097317695617676 1
1731686956283 3.0102553367614746 2
1731687005868 2.7913036346435547 3
1731687055086 2.4743950366973877 4
1731687104762 2.02419114112854 5
1731687154521 1.7685333490371704 6
1731687204850 1.7884447574615479 7
1731687253552 1.6968668699264526 8
1731687302743 1.3921716213226318 9
1731687352598 1.3065987825393677 10
1731687400825 1.0653471946716309 11
1731687449575 0.855522632598877 12
1731687498802 0.7460808157920837 13
1731687546986 0.71993488073349 14
1731687596723 0.5772415399551392 15
1731687646434 0.5473812222480774 16
1731687695893 0.5029570460319519 17
1731687744520 0.4691542685031891 18
1731687792624 0.4360724091529846 19
1731687842440 0.40382131934165955 20
