1731686907197 4e-05 1
1731686956283 8e-05 2
1731687005868 0.00012 3
1731687055086 0.00016 4
1731687104762 0.0002 5
1731687154521 0.0001866666666666667 6
1731687204850 0.00017333333333333334 7
1731687253552 0.00016 8
1731687302743 0.00014666666666666666 9
1731687352598 0.00013333333333333334 10
1731687400825 0.00012 11
1731687449575 0.00010666666666666667 12
1731687498802 9.333333333333334e-05 13
1731687546986 8e-05 14
1731687596723 6.666666666666667e-05 15
1731687646434 5.333333333333333e-05 16
1731687695893 4e-05 17
1731687744520 2.6666666666666667e-05 18
1731687792624 1.3333333333333333e-05 19
1731687842440 0.0 20
