1731866007595 0.028169014084507043 1
1731866053184 0.028169014084507043 1
1731866072834 0.056338028169014086 2
1731866121824 0.056338028169014086 2
1731866142364 0.08450704225352113 3
1731866191245 0.08450704225352113 3
1731866209381 0.11267605633802817 4
1731866258547 0.11267605633802817 4
1731866276652 0.14084507042253522 5
1731866325753 0.14084507042253522 5
1731866344863 0.16901408450704225 6
1731866393933 0.16901408450704225 6
1731866414070 0.19718309859154928 7
1731866463261 0.19718309859154928 7
1731866482287 0.22535211267605634 8
1731866531499 0.22535211267605634 8
1731866552704 0.2535211267605634 9
1731866601800 0.2535211267605634 9
1731866622790 0.28169014084507044 10
1731866672042 0.28169014084507044 10
1731866693047 0.30985915492957744 11
1731866742254 0.30985915492957744 11
1731866761675 0.3380281690140845 12
1731866810812 0.3380281690140845 12
1731866831909 0.36619718309859156 13
1731866881017 0.36619718309859156 13
1731866901306 0.39436619718309857 14
1731866950449 0.39436619718309857 14
1731866969628 0.4225352112676056 15
1731867018666 0.4225352112676056 15
1731867037599 0.4507042253521127 16
1731867086699 0.4507042253521127 16
1731867108075 0.4788732394366197 17
1731867157195 0.4788732394366197 17
1731867177885 0.5070422535211268 18
1731867227163 0.5070422535211268 18
1731867245626 0.5352112676056338 19
1731867294846 0.5352112676056338 19
1731867315044 0.5633802816901409 20
1731867364277 0.5633802816901409 20
1731867385783 0.5915492957746479 21
1731867434980 0.5915492957746479 21
1731867454000 0.6197183098591549 22
1731867503174 0.6197183098591549 22
1731867509238 0.6197183098591549 22
