1731866007595 21.611068725585938 1
1731866072834 21.43972396850586 2
1731866142364 21.4432373046875 3
1731866209381 19.878093719482422 4
1731866276652 16.574018478393555 5
1731866344863 17.693330764770508 6
1731866414070 5.530824184417725 7
1731866482287 5.574760913848877 8
1731866552704 1.983055591583252 9
1731866622790 2.648071765899658 10
1731866693047 2.2863380908966064 11
1731866761675 3.815863847732544 12
1731866831909 4.462484836578369 13
1731866901306 3.535449504852295 14
1731866969628 3.5801210403442383 15
1731867037599 2.8959200382232666 16
1731867108075 2.708646059036255 17
1731867177885 3.326009750366211 18
1731867245626 3.383554220199585 19
1731867315044 6.449542999267578 20
1731867385783 6.232860088348389 21
1731867454000 5.490767478942871 22
