1731866007595 5.9999999999999995e-05 1
1731866072834 0.00011999999999999999 2
1731866142364 0.00017999999999999998 3
1731866209381 0.00023999999999999998 4
1731866276652 0.0003 5
1731866344863 0.00028235294117647056 6
1731866414070 0.00026470588235294115 7
1731866482287 0.00024705882352941174 8
1731866552704 0.0002294117647058823 9
1731866622790 0.00021176470588235295 10
1731866693047 0.0001941176470588235 11
1731866761675 0.0001764705882352941 12
1731866831909 0.0001588235294117647 13
1731866901306 0.00014117647058823528 14
1731866969628 0.00012352941176470587 15
1731867037599 0.00010588235294117647 16
1731867108075 8.823529411764705e-05 17
1731867177885 7.058823529411764e-05 18
1731867245626 5.294117647058824e-05 19
1731867315044 3.529411764705882e-05 20
1731867385783 1.764705882352941e-05 21
1731867454000 0.0 22
