1731866007595 8.6638 1
1731866072834 8.3152 2
1731866142364 7.8538 3
1731866209381 4.8254 4
1731866276652 2.4184 5
1731866344863 1.3517 6
1731866414070 0.2968 7
1731866482287 0.3536 8
1731866552704 0.2614 9
1731866622790 0.2735 10
1731866693047 0.2455 11
1731866761675 0.2323 12
1731866831909 0.2491 13
1731866901306 0.2552 14
1731866969628 0.3154 15
1731867037599 0.2156 16
1731867108075 0.2094 17
1731867177885 0.2607 18
1731867245626 0.2047 19
1731867315044 0.3711 20
1731867385783 0.2577 21
1731867454000 0.2729 22
