1731768383430 0.04878048780487805 1
1731768433836 0.04878048780487805 1
1731768503706 0.0975609756097561 2
1731768555134 0.0975609756097561 2
1731768629699 0.14634146341463414 3
1731768681399 0.14634146341463414 3
1731768753673 0.1951219512195122 4
1731768805371 0.1951219512195122 4
1731768876635 0.24390243902439024 5
1731768928351 0.24390243902439024 5
1731768999278 0.2926829268292683 6
1731769050920 0.2926829268292683 6
1731769119946 0.34146341463414637 7
1731769171760 0.34146341463414637 7
1731769243470 0.3902439024390244 8
1731769295144 0.3902439024390244 8
1731769368352 0.43902439024390244 9
1731769420136 0.43902439024390244 9
1731769494938 0.4878048780487805 10
1731769546719 0.4878048780487805 10
1731769620287 0.5365853658536586 11
1731769672099 0.5365853658536586 11
1731769740026 0.5853658536585366 12
1731769791881 0.5853658536585366 12
1731769865740 0.6341463414634146 13
1731769917565 0.6341463414634146 13
1731769991201 0.6829268292682927 14
1731770042868 0.6829268292682927 14
1731770115204 0.7317073170731707 15
1731770166883 0.7317073170731707 15
1731770237019 0.7804878048780488 16
1731770288740 0.7804878048780488 16
1731770363210 0.8292682926829268 17
1731770414786 0.8292682926829268 17
1731770484710 0.8780487804878049 18
1731770536412 0.8780487804878049 18
1731770609001 0.926829268292683 19
1731770660855 0.926829268292683 19
1731770734769 0.975609756097561 20
1731770786525 0.975609756097561 20
1731770795837 0.975609756097561 20
