1731768383430 11.722600936889648 1
1731768503706 11.939122200012207 2
1731768629699 9.13534927368164 3
1731768753673 7.14130163192749 4
1731768876635 7.995652675628662 5
1731768999278 6.355443954467773 6
1731769119946 4.69678258895874 7
1731769243470 2.827678918838501 8
1731769368352 1.8710042238235474 9
1731769494938 1.518805742263794 10
1731769620287 0.9251629114151001 11
1731769740026 1.2005746364593506 12
1731769865740 1.0894569158554077 13
1731769991201 1.2304682731628418 14
1731770115204 0.9295609593391418 15
1731770237019 0.7963982224464417 16
1731770363210 0.8879624009132385 17
1731770484710 0.7000671625137329 18
1731770609001 0.7406855821609497 19
1731770734769 0.5689096450805664 20
