1731768383430 4e-05 1
1731768503706 8e-05 2
1731768629699 0.00012 3
1731768753673 0.00016 4
1731768876635 0.0002 5
1731768999278 0.0001866666666666667 6
1731769119946 0.00017333333333333334 7
1731769243470 0.00016 8
1731769368352 0.00014666666666666666 9
1731769494938 0.00013333333333333334 10
1731769620287 0.00012 11
1731769740026 0.00010666666666666667 12
1731769865740 9.333333333333334e-05 13
1731769991201 8e-05 14
1731770115204 6.666666666666667e-05 15
1731770237019 5.333333333333333e-05 16
1731770363210 4e-05 17
1731770484710 2.6666666666666667e-05 18
1731770609001 1.3333333333333333e-05 19
1731770734769 0.0 20
